    0.30050      0.042994
    0.30542      0.034585
    0.31035      0.041036
    0.31527      0.047848
    0.32020      0.041279
    0.32513      0.053661
    0.33005      0.049858
    0.33498      0.049917
    0.33990      0.043385
    0.34483      0.044156
    0.34976      0.032788
    0.35468      0.038404
    0.35961      0.041117
    0.36454      0.050884
    0.36946      0.046568
    0.37439      0.044462
    0.37931      0.042075
    0.38424      0.051218
    0.38917      0.045120
    0.39409      0.045186
    0.39902      0.040547
    0.40394      0.036881
    0.40887      0.044480
    0.41380      0.039292
    0.41872      0.039451
    0.42365      0.043750
    0.42858      0.045956
    0.43350      0.041914
    0.43843      0.047520
    0.44335      0.044143
    0.44828      0.042092
    0.45321      0.040843
    0.45813      0.041100
    0.46306      0.049458
    0.46798      0.043693
    0.47291      0.041426
    0.47784      0.050148
    0.48276      0.044773
    0.48769      0.047481
    0.49262      0.040602
    0.49754      0.045847
    0.50247      0.047654
    0.50739      0.045158
    0.51232      0.046535
    0.51725      0.042699
    0.52217      0.044358
    0.52710      0.040898
    0.53203      0.042738
    0.53695      0.040096
    0.54188      0.038865
    0.54680      0.042397
    0.55173      0.043067
    0.55666      0.039443
    0.56158      0.042172
    0.56651      0.043651
    0.57143      0.039374
    0.57636      0.037938
    0.58129      0.043176
    0.58621      0.040456
    0.59114      0.046147
    0.59607      0.041200
    0.60099      0.042600
    0.60592      0.038121
    0.61084      0.042592
    0.61577      0.039318
    0.62070      0.042810
    0.62562      0.044570
    0.63055      0.043090
    0.63547      0.041875
    0.64040      0.043432
    0.64533      0.042927
    0.65025      0.040503
    0.65518      0.045530
    0.66011      0.044885
    0.66503      0.044224
    0.66996      0.043069
    0.67488      0.044094
    0.67981      0.041025
    0.68474      0.041958
    0.68966      0.040023
    0.69459      0.043631
    0.69951      0.041094
    0.70444      0.041449
    0.70937      0.042218
    0.71429      0.044093
    0.71922      0.042178
    0.72415      0.041127
    0.72907      0.042377
    0.73400      0.041233
    0.73892      0.042759
    0.74385      0.043208
    0.74878      0.040136
    0.75370      0.041028
    0.75863      0.044504
    0.76355      0.044197
    0.76848      0.041448
    0.77341      0.044251
    0.77833      0.043622
    0.78326      0.040374
    0.78819      0.043328
    0.79311      0.040934
    0.79804      0.042516
    0.80296      0.040322
    0.80789      0.043405
    0.81282      0.045413
    0.81774      0.046248
    0.82267      0.042234
    0.82759      0.042012
    0.83252      0.042049
    0.83745      0.040552
    0.84237      0.044791
    0.84730      0.041199
    0.85223      0.042231
    0.85715      0.041950
    0.86208      0.041820
    0.86700      0.044134
    0.87193      0.041858
    0.87686      0.041343
    0.88178      0.041146
    0.88671      0.040507
    0.89163      0.044335
    0.89656      0.042464
    0.90149      0.040425
    0.90641      0.043513
    0.91134      0.043176
    0.91627      0.044476
    0.92119      0.041128
    0.92612      0.041760
    0.93104      0.042860
    0.93597      0.041764
    0.94090      0.040309
    0.94582      0.042320
    0.95075      0.042300
    0.95567      0.045179
    0.96060      0.041707
    0.96553      0.040083
    0.97045      0.043201
    0.97538      0.041737
    0.98031      0.041746
    0.98523      0.043785
    0.99016      0.044122
    0.99508      0.044556
    1.00001      0.043468
    1.00494      0.041840
    1.00986      0.041199
    1.01479      0.044141
    1.01971      0.044021
    1.02464      0.042548
    1.02957      0.039837
    1.03449      0.039381
    1.03942      0.042337
    1.04435      0.042347
    1.04927      0.042885
    1.05420      0.041994
    1.05912      0.040366
    1.06405      0.039292
    1.06898      0.043564
    1.07390      0.044249
    1.07883      0.043963
    1.08375      0.043964
    1.08868      0.041970
    1.09361      0.041835
    1.09853      0.044946
    1.10346      0.043101
    1.10839      0.042554
    1.11331      0.043068
    1.11824      0.043285
    1.12316      0.043138
    1.12809      0.042432
    1.13302      0.043863
    1.13794      0.041591
    1.14287      0.043182
    1.14779      0.041708
    1.15272      0.042011
    1.15765      0.044268
    1.16257      0.041006
    1.16750      0.043195
    1.17243      0.044129
    1.17735      0.042819
    1.18228      0.042346
    1.18720      0.044681
    1.19213      0.043738
    1.19706      0.043160
    1.20198      0.043711
    1.20691      0.044654
    1.21183      0.042454
    1.21676      0.043646
    1.22169      0.041251
    1.22661      0.043786
    1.23154      0.041867
    1.23647      0.043514
    1.24139      0.041739
    1.24632      0.044300
    1.25124      0.041041
    1.25617      0.043222
    1.26110      0.042659
    1.26602      0.045511
    1.27095      0.044912
    1.27587      0.042440
    1.28080      0.043472
    1.28573      0.044345
    1.29065      0.044204
    1.29558      0.043949
    1.30051      0.045464
    1.30543      0.040388
    1.31036      0.046165
    1.31528      0.043508
    1.32021      0.044803
    1.32514      0.045659
    1.33006      0.045182
    1.33499      0.042637
    1.33991      0.044535
    1.34484      0.041369
    1.34977      0.042675
    1.35469      0.044975
    1.35962      0.043700
    1.36455      0.042823
    1.36947      0.042008
    1.37440      0.042696
    1.37932      0.042549
    1.38425      0.044777
    1.38918      0.040536
    1.39410      0.043167
    1.39903      0.043590
    1.40395      0.044750
    1.40888      0.042131
    1.41381      0.043237
    1.41873      0.042565
    1.42366      0.042529
    1.42859      0.043384
    1.43351      0.042886
    1.43844      0.042602
    1.44336      0.043598
    1.44829      0.043308
    1.45322      0.042197
    1.45814      0.043465
    1.46307      0.042354
    1.46799      0.040944
    1.47292      0.041757
    1.47785      0.043158
    1.48277      0.040989
    1.48770      0.042124
    1.49263      0.045717
    1.49755      0.043530
    1.50248      0.041366
    1.50740      0.043733
    1.51233      0.045007
    1.51726      0.045240
    1.52218      0.045282
    1.52711      0.042767
    1.53203      0.044840
    1.53696      0.046009
    1.54189      0.043453
    1.54681      0.045160
    1.55174      0.044435
    1.55667      0.043522
    1.56159      0.043656
    1.56652      0.045304
    1.57144      0.043908
    1.57637      0.046095
    1.58130      0.045494
    1.58622      0.044943
    1.59115      0.044111
    1.59608      0.044892
    1.60100      0.045338
    1.60593      0.046889
    1.61085      0.044053
    1.61578      0.041149
    1.62071      0.041944
    1.62563      0.040452
    1.63056      0.042400
    1.63548      0.039478
    1.64041      0.044205
    1.64534      0.044243
    1.65026      0.044527
    1.65519      0.043249
    1.66012      0.041260
    1.66504      0.042280
    1.66997      0.043897
    1.67489      0.043895
    1.67982      0.042104
    1.68475      0.043763
    1.68967      0.042281
    1.69460      0.042917
    1.69952      0.043977
    1.70445      0.043935
    1.70938      0.044272
    1.71430      0.046082
    1.71923      0.044876
    1.72416      0.041618
    1.72908      0.046098
    1.73401      0.045264
    1.73893      0.044531
    1.74386      0.044159
    1.74879      0.046201
    1.75371      0.040534
    1.75864      0.041673
    1.76356      0.040137
    1.76849      0.045374
    1.77342      0.043283
    1.77834      0.042979
    1.78327      0.042396
    1.78820      0.042314
    1.79312      0.041157
    1.79805      0.041437
    1.80297      0.044854
    1.80790      0.045596
    1.81283      0.042876
    1.81775      0.044202
    1.82268      0.043153
    1.82760      0.041751
    1.83253      0.039580
    1.83746      0.043545
    1.84238      0.041942
    1.84731      0.043248
    1.85224      0.044243
    1.85716      0.044073
    1.86209      0.043041
    1.86701      0.042743
    1.87194      0.042273
    1.87687      0.044945
    1.88179      0.044001
    1.88672      0.043404
    1.89164      0.044406
    1.89657      0.043723
    1.90150      0.045137
    1.90642      0.044122
    1.91135      0.045479
    1.91628      0.046736
    1.92120      0.045953
    1.92613      0.045158
    1.93105      0.047407
    1.93598      0.046307
    1.94091      0.045635
    1.94583      0.048150
    1.95076      0.047242
    1.95568      0.045237
    1.96061      0.044804
    1.96554      0.046972
    1.97046      0.046271
    1.97539      0.046235
    1.98032      0.046389
    1.98524      0.046782
    1.99017      0.045989
    1.99509      0.044257
    2.00002      0.042424
    2.00495      0.046719
    2.00987      0.045886
    2.01480      0.045132
    2.01972      0.046149
    2.02465      0.045606
    2.02958      0.047196
    2.03450      0.047439
    2.03943      0.046114
    2.04436      0.043509
    2.04928      0.046942
    2.05421      0.045161
    2.05913      0.047840
    2.06406      0.045320
    2.06899      0.045237
    2.07391      0.047997
    2.07884      0.046742
    2.08376      0.045989
    2.08869      0.044722
    2.09362      0.040030
    2.09854      0.039598
    2.10347      0.039558
    2.10840      0.040386
    2.11332      0.037215
    2.11825      0.037786
    2.12317      0.039569
    2.12810      0.039977
    2.13303      0.037803
    2.13795      0.040265
    2.14288      0.041148
    2.14780      0.039995
    2.15273      0.038754
    2.15766      0.038911
    2.16258      0.041143
    2.16751      0.042587
    2.17244      0.039403
    2.17736      0.041024
    2.18229      0.041736
    2.18721      0.039685
    2.19214      0.040365
    2.19707      0.038843
    2.20199      0.040411
    2.20692      0.040330
    2.21184      0.040166
    2.21677      0.041938
    2.22170      0.042882
    2.22662      0.040374
    2.23155      0.039908
    2.23648      0.041716
    2.24140      0.041068
    2.24633      0.041719
    2.25125      0.041942
    2.25618      0.041981
    2.26111      0.040468
    2.26603      0.041475
    2.27096      0.042934
    2.27588      0.042509
    2.28081      0.044955
    2.28574      0.042427
    2.29066      0.043242
    2.29559      0.043435
    2.30052      0.041639
    2.30544      0.043503
    2.31037      0.043115
    2.31529      0.041009
    2.32022      0.040176
    2.32515      0.042800
    2.33007      0.045038
    2.33500      0.044514
    2.33992      0.042995
    2.34485      0.042907
    2.34978      0.043228
    2.35470      0.043109
    2.35963      0.041826
    2.36456      0.042339
    2.36948      0.043433
    2.37441      0.040334
    2.37933      0.041659
    2.38426      0.041901
    2.38919      0.042259
    2.39411      0.042197
    2.39904      0.042794
    2.40396      0.043653
    2.40889      0.041329
    2.41382      0.041906
    2.41874      0.043098
    2.42367      0.045880
    2.42860      0.044420
    2.43352      0.042884
    2.43845      0.043987
    2.44337      0.042881
    2.44830      0.043754
    2.45323      0.044447
    2.45815      0.042385
    2.46308      0.043020
    2.46800      0.040925
    2.47293      0.041520
    2.47786      0.041169
    2.48278      0.043104
    2.48771      0.043594
    2.49264      0.043383
    2.49756      0.042334
    2.50249      0.044386
    2.50741      0.045109
    2.51234      0.043980
    2.51727      0.044698
    2.52219      0.045601
    2.52712      0.044186
    2.53204      0.044234
    2.53697      0.044681
    2.54190      0.044778
    2.54682      0.043610
    2.55175      0.041337
    2.55668      0.040546
    2.56160      0.041514
    2.56653      0.041563
    2.57145      0.040521
    2.57638      0.042272
    2.58131      0.040599
    2.58623      0.041590
    2.59116      0.039523
    2.59608      0.040018
    2.60101      0.041185
    2.60594      0.041073
    2.61086      0.039901
    2.61579      0.043021
    2.62072      0.040408
    2.62564      0.043928
    2.63057      0.040793
    2.63549      0.041041
    2.64042      0.039595
    2.64535      0.041661
    2.65027      0.041711
    2.65520      0.043685
    2.66013      0.042383
    2.66505      0.041730
    2.66998      0.040636
    2.67490      0.042084
    2.67983      0.042113
    2.68476      0.042421
    2.68968      0.044049
    2.69461      0.043524
    2.69953      0.043422
    2.70446      0.043824
    2.70939      0.041626
    2.71431      0.044110
    2.71924      0.044296
    2.72417      0.041929
    2.72909      0.043311
    2.73402      0.042431
    2.73894      0.043825
    2.74387      0.043681
    2.74880      0.043156
    2.75372      0.043910
    2.75865      0.040759
    2.76357      0.043348
    2.76850      0.043499
    2.77343      0.042745
    2.77835      0.043427
    2.78328      0.042055
    2.78821      0.044310
    2.79313      0.041272
    2.79806      0.044436
    2.80298      0.044073
    2.80791      0.045360
    2.81284      0.045176
    2.81776      0.042835
    2.82269      0.043313
    2.82761      0.046460
    2.83254      0.041768
    2.83747      0.044546
    2.84239      0.044344
    2.84732      0.047308
    2.85225      0.043331
    2.85717      0.044418
    2.86210      0.044179
    2.86702      0.045165
    2.87195      0.044546
    2.87688      0.045739
    2.88180      0.046283
    2.88673      0.049061
    2.89165      0.047874
    2.89658      0.046586
    2.90151      0.048532
    2.90643      0.046966
    2.91136      0.050235
    2.91629      0.048959
    2.92121      0.046610
    2.92614      0.048174
    2.93106      0.048924
    2.93599      0.046270
    2.94092      0.048422
    2.94584      0.047897
    2.95077      0.048367
    2.95569      0.047121
    2.96062      0.049477
    2.96555      0.047385
    2.97047      0.048081
    2.97540      0.049045
    2.98033      0.048435
    2.98525      0.047299
    2.99018      0.049621
    2.99510      0.050247
    3.00003      0.048924
    3.00496      0.048459
    3.00988      0.047882
    3.01481      0.049726
    3.01973      0.049929
    3.02466      0.050968
    3.02959      0.051837
    3.03451      0.048310
    3.03944      0.049986
    3.04437      0.049781
    3.04929      0.050411
    3.05422      0.050109
    3.05914      0.048652
    3.06407      0.051750
    3.06900      0.051162
    3.07392      0.047541
    3.07885      0.045934
    3.08377      0.045708
    3.08870      0.048125
    3.09363      0.045542
    3.09855      0.050553
    3.10348      0.045748
    3.10841      0.044300
    3.11333      0.045309
    3.11826      0.043196
    3.12318      0.044648
    3.12811      0.045565
    3.13304      0.043446
    3.13796      0.041360
    3.14289      0.048976
    3.14781      0.044079
    3.15274      0.044825
    3.15767      0.047179
    3.16259      0.045661
    3.16752      0.044550
    3.17245      0.042880
    3.17737      0.046070
    3.18230      0.047550
    3.18722      0.050197
    3.19215      0.047097
    3.19708      0.046824
    3.20200      0.044449
    3.20693      0.047339
    3.21185      0.046283
    3.21678      0.049024
    3.22171      0.045432
    3.22663      0.049191
    3.23156      0.047396
    3.23649      0.049889
    3.24141      0.048866
    3.24634      0.047971
    3.25126      0.047317
    3.25619      0.046845
    3.26112      0.047983
    3.26604      0.047520
    3.27097      0.045898
    3.27589      0.046689
    3.28082      0.047376
    3.28575      0.048987
    3.29067      0.047634
    3.29560      0.050191
    3.30053      0.048638
    3.30545      0.049428
    3.31038      0.050635
    3.31530      0.049168
    3.32023      0.048313
    3.32516      0.048671
    3.33008      0.049751
    3.33501      0.049829
    3.33993      0.046627
    3.34486      0.048091
    3.34979      0.048215
    3.35471      0.050926
    3.35964      0.050109
    3.36457      0.051174
    3.36949      0.049502
    3.37442      0.051646
    3.37934      0.051348
    3.38427      0.050519
    3.38920      0.050579
    3.39412      0.051083
    3.39905      0.049206
    3.40397      0.051303
    3.40890      0.051479
    3.41383      0.050065
    3.41875      0.050864
    3.42368      0.053823
    3.42861      0.050932
    3.43353      0.054850
    3.43846      0.049509
    3.44338      0.050218
    3.44831      0.050966
    3.45324      0.055428
    3.45816      0.051729
    3.46309      0.051460
    3.46801      0.052376
    3.47294      0.055148
    3.47787      0.053869
    3.48279      0.052891
    3.48772      0.052240
    3.49265      0.053387
    3.49757      0.052196
    3.50250      0.055106
    3.50742      0.050953
    3.51235      0.053904
    3.51728      0.055390
    3.52220      0.056073
    3.52713      0.055689
    3.53205      0.054760
    3.53698      0.057166
    3.54191      0.056479
    3.54683      0.054273
    3.55176      0.054682
    3.55669      0.055026
    3.56161      0.053921
    3.56654      0.054508
    3.57146      0.055854
    3.57639      0.055562
    3.58132      0.054950
    3.58624      0.055557
    3.59117      0.056265
    3.59609      0.055542
    3.60102      0.055910
    3.60595      0.049020
    3.61087      0.049018
    3.61580      0.046385
    3.62073      0.046650
    3.62565      0.040795
    3.63058      0.039236
    3.63550      0.027356
    3.64043      0.027260
    3.64536      0.023995
    3.65028      0.024368
    3.65521      0.023246
    3.66013      0.025547
    3.66506      0.023628
    3.66999      0.023820
    3.67491      0.023295
    3.67984      0.022922
    3.68477      0.024394
    3.68969      0.023799
    3.69462      0.021669
    3.69954      0.024771
    3.70447      0.025714
    3.70940      0.026214
    3.71432      0.024514
    3.71925      0.022902
    3.72418      0.022139
    3.72910      0.022100
    3.73403      0.024665
    3.73895      0.026650
    3.74388      0.024511
    3.74881      0.026511
    3.75373      0.024592
    3.75866      0.024088
    3.76358      0.025885
    3.76851      0.022910
    3.77344      0.025269
    3.77836      0.024276
    3.78329      0.026547
    3.78822      0.025118
    3.79314      0.024164
    3.79807      0.026110
    3.80299      0.023074
    3.80792      0.024828
    3.81285      0.024424
    3.81777      0.025471
    3.82270      0.025247
    3.82762      0.025078
    3.83255      0.024014
    3.83748      0.026091
    3.84240      0.024547
    3.84733      0.027787
    3.85226      0.021893
    3.85718      0.028230
    3.86211      0.026715
    3.86703      0.025992
    3.87196      0.025327
    3.87689      0.023905
    3.88181      0.025052
    3.88674      0.025640
    3.89166      0.026550
    3.89659      0.028064
    3.90152      0.025084
    3.90644      0.026133
    3.91137      0.026679
    3.91630      0.026240
    3.92122      0.027301
    3.92615      0.024322
    3.93107      0.025199
    3.93600      0.021110
    3.94093      0.027675
    3.94585      0.027391
    3.95078      0.026858
    3.95570      0.028425
    3.96063      0.027097
    3.96556      0.026055
    3.97048      0.028841
    3.97541      0.028038
    3.98034      0.027310
    3.98526      0.024188
    3.99019      0.029231
    3.99511      0.026059
    4.00004      0.024934
    4.00497      0.028766
    4.00989      0.026254
    4.01482      0.027966
    4.01974      0.030245
    4.02467      0.025444
    4.02960      0.024628
    4.03452      0.022736
    4.03945      0.024593
    4.04438      0.026786
    4.04930      0.025295
    4.05423      0.027127
    4.05915      0.025021
    4.06408      0.026956
    4.06901      0.025169
    4.07393      0.025210
    4.07886      0.027401
    4.08378      0.027332
    4.08871      0.024796
    4.09364      0.029317
    4.09856      0.028302
    4.10349      0.028929
    4.10842      0.024135
    4.11334      0.030174
    4.11827      0.025107
    4.12319      0.026114
    4.12812      0.027435
    4.13305      0.029299
    4.13797      0.025780
    4.14290      0.029916
    4.14782      0.028522
    4.15275      0.026017
    4.15768      0.030499
    4.16260      0.028988
    4.16753      0.025319
    4.17246      0.025561
    4.17738      0.028822
    4.18231      0.026709
    4.18723      0.027461
    4.19216      0.029226
    4.19709      0.025864
    4.20201      0.028251
    4.20694      0.027458
    4.21186      0.026766
    4.21679      0.024978
    4.22172      0.024912
    4.22664      0.023869
    4.23157      0.025558
    4.23650      0.026120
    4.24142      0.023211
    4.24635      0.025203
    4.25127      0.024669
    4.25620      0.023991
    4.26113      0.024546
    4.26605      0.022852
    4.27098      0.026227
    4.27590      0.024850
    4.28083      0.023628
    4.28576      0.022011
    4.29068      0.023845
    4.29561      0.026813
    4.30054      0.024627
    4.30546      0.030254
    4.31039      0.023064
    4.31531      0.025324
    4.32024      0.026956
    4.32517      0.023224
    4.33009      0.024415
    4.33502      0.023998
    4.33994      0.024322
    4.34487      0.024443
    4.34980      0.024950
    4.35472      0.024357
    4.35965      0.025738
    4.36458      0.025665
    4.36950      0.025816
    4.37443      0.025701
    4.37935      0.026532
    4.38428      0.025299
    4.38921      0.027819
    4.39413      0.025240
    4.39906      0.026323
    4.40398      0.025964
    4.40891      0.026347
    4.41384      0.026846
    4.41876      0.026452
    4.42369      0.025935
    4.42862      0.023237
    4.43354      0.025978
    4.43847      0.025123
    4.44339      0.023503
    4.44832      0.027164
    4.45325      0.025895
    4.45817      0.026176
    4.46310      0.024477
    4.46802      0.023963
    4.47295      0.027538
    4.47788      0.027782
    4.48280      0.025943
    4.48773      0.024956
    4.49266      0.024833
    4.49758      0.026747
    4.50251      0.026036
    4.50743      0.025477
    4.51236      0.024217
    4.51729      0.026288
    4.52221      0.025485
    4.52714      0.027082
    4.53206      0.025403
    4.53699      0.024745
    4.54192      0.023714
    4.54684      0.028680
    4.55177      0.026452
    4.55670      0.027652
    4.56162      0.023800
    4.56655      0.026518
    4.57147      0.027208
    4.57640      0.026635
    4.58133      0.024701
    4.58625      0.025244
    4.59118      0.024788
    4.59610      0.025813
    4.60103      0.023952
    4.60596      0.025443
    4.61088      0.027527
    4.61581      0.026840
    4.62074      0.027381
    4.62566      0.027484
    4.63059      0.028741
    4.63551      0.025411
    4.64044      0.024877
    4.64537      0.027536
    4.65029      0.026535
    4.65522      0.027734
    4.66014      0.027837
    4.66507      0.026975
    4.67000      0.027824
    4.67492      0.025687
    4.67985      0.026931
    4.68478      0.026453
    4.68970      0.029422
    4.69463      0.029576
    4.69955      0.024891
    4.70448      0.026479
    4.70941      0.028564
    4.71433      0.027868
    4.71926      0.027167
    4.72418      0.029186
    4.72911      0.029144
    4.73404      0.027037
    4.73896      0.027433
    4.74389      0.029467
    4.74882      0.027192
    4.75374      0.029294
    4.75867      0.024853
    4.76359      0.028362
    4.76852      0.025624
    4.77345      0.026833
    4.77837      0.027458
    4.78330      0.028341
    4.78823      0.025732
    4.79315      0.030749
    4.79808      0.029957
    4.80300      0.028700
    4.80793      0.027769
    4.81286      0.029711
    4.81778      0.028885
    4.82271      0.028616
    4.82763      0.029005
    4.83256      0.028158
    4.83749      0.031560
    4.84241      0.028938
    4.84734      0.029024
    4.85227      0.027899
    4.85719      0.032299
    4.86212      0.029272
    4.86704      0.029929
    4.87197      0.029450
    4.87690      0.029761
    4.88182      0.028276
    4.88675      0.031580
    4.89167      0.029200
    4.89660      0.025458
    4.90153      0.030062
    4.90645      0.027737
    4.91138      0.027617
    4.91631      0.028530
    4.92123      0.030193
    4.92616      0.031156
    4.93108      0.028098
    4.93601      0.028497
    4.94094      0.030523
    4.94586      0.025041
    4.95079      0.033494
    4.95571      0.031094
    4.96064      0.022962
    4.96557      0.030704
    4.97049      0.028300
    4.97542      0.026069
    4.98035      0.034544
    4.98527      0.029939
    4.99020      0.029386
    4.99512      0.026602
    5.00005      0.030384
    5.00498      0.027935
    5.00990      0.032614
    5.01483      0.030930
    5.01975      0.028679
    5.02468      0.033015
    5.02961      0.025919
    5.03453      0.027968
    5.03946      0.028582
    5.04439      0.026843
    5.04931      0.027982
    5.05424      0.030578
    5.05916      0.029806
    5.06409      0.031003
    5.06902      0.031599
    5.07394      0.027772
    5.07887      0.030318
    5.08379      0.029442
    5.08872      0.031356
    5.09365      0.028243
    5.09857      0.031523
    5.10350      0.028913
    5.10843      0.031198
    5.11335      0.029354
    5.11828      0.028621
    5.12320      0.028546
    5.12813      0.031938
    5.13306      0.027164
    5.13798      0.024407
    5.14291      0.031003
    5.14783      0.029516
    5.15276      0.029105
    5.15769      0.027337
    5.16261      0.026661
    5.16754      0.025689
    5.17247      0.028552
    5.17739      0.026474
    5.18232      0.028088
    5.18724      0.029262
    5.19217      0.026420
    5.19710      0.026142
    5.20202      0.029675
    5.20695      0.026343
    5.21187      0.030368
    5.21680      0.027328
    5.22173      0.026990
    5.22665      0.024941
    5.23158      0.026916
    5.23651      0.030400
    5.24143      0.026817
    5.24636      0.030803
    5.25128      0.031967
    5.25621      0.027073
    5.26114      0.030848
    5.26606      0.027805
    5.27099      0.027664
    5.27591      0.031133
    5.28084      0.033136
    5.28577      0.032073
    5.29069      0.031564
    5.29562      0.028369
    5.30055      0.027121
    5.30547      0.033489
    5.31040      0.032992
    5.31532      0.027358
    5.32025      0.029585
    5.32518      0.029267
    5.33010      0.027523
    5.33503      0.029478
    5.33995      0.030974
    5.34488      0.029573
    5.34981      0.029205
    5.35473      0.027368
    5.35966      0.032690
    5.36459      0.028672
    5.36951      0.033888
    5.37444      0.031624
    5.37936      0.026886
    5.38429      0.032814
    5.38922      0.031727
    5.39414      0.028364
    5.39907      0.029212
    5.40399      0.031785
    5.40892      0.026965
    5.41385      0.029613
    5.41877      0.031392
    5.42370      0.028694
    5.42863      0.029223
    5.43355      0.033566
    5.43848      0.031973
    5.44340      0.029427
    5.44833      0.035427
    5.45326      0.032011
    5.45818      0.029367
    5.46311      0.034863
    5.46803      0.032317
    5.47296      0.033641
    5.47789      0.035350
    5.48281      0.028914
    5.48774      0.033089
    5.49267      0.035058
    5.49759      0.030928
    5.50252      0.032342
    5.50744      0.032537
    5.51237      0.029087
    5.51730      0.031254
    5.52222      0.031249
    5.52715      0.030447
    5.53207      0.031862
    5.53700      0.030504
    5.54193      0.030126
    5.54685      0.031560
    5.55178      0.031958
    5.55671      0.031273
    5.56163      0.029637
    5.56656      0.030019
    5.57148      0.026931
    5.57641      0.030853
    5.58134      0.030265
    5.58626      0.032106
    5.59119      0.029833
    5.59611      0.029262
    5.60104      0.029000
    5.60597      0.032522
    5.61089      0.036273
    5.61582      0.029272
    5.62075      0.032617
    5.62567      0.025421
    5.63060      0.029229
    5.63552      0.030638
    5.64045      0.036685
    5.64538      0.034217
    5.65030      0.031558
    5.65523      0.026533
    5.66015      0.030012
    5.66508      0.030708
    5.67001      0.033897
    5.67493      0.031134
    5.67986      0.035806
    5.68479      0.032635
    5.68971      0.033397
    5.69464      0.033271
    5.69956      0.037067
    5.70449      0.032066
    5.70942      0.034506
    5.71434      0.031465
    5.71927      0.028609
    5.72419      0.032639
    5.72912      0.031681
    5.73405      0.031122
    5.73897      0.029914
    5.74390      0.035340
    5.74883      0.032469
    5.75375      0.035117
    5.75868      0.031064
    5.76360      0.033027
    5.76853      0.037597
    5.77346      0.032340
    5.77838      0.033247
    5.78331      0.032995
    5.78824      0.030801
    5.79316      0.033956
    5.79809      0.033412
    5.80301      0.033249
    5.80794      0.033360
    5.81287      0.035012
    5.81779      0.033523
    5.82272      0.034664
    5.82764      0.033079
    5.83257      0.034156
    5.83750      0.034572
    5.84242      0.034438
    5.84735      0.031861
    5.85228      0.038524
    5.85720      0.032513
    5.86213      0.034914
    5.86705      0.034109
    5.87198      0.032453
    5.87691      0.035278
    5.88183      0.034198
    5.88676      0.031959
    5.89168      0.032281
    5.89661      0.035968
    5.90154      0.031089
    5.90646      0.034634
    5.91139      0.031079
    5.91632      0.027880
    5.92124      0.023887
    5.92617      0.021437
    5.93109      0.021693
    5.93602      0.019581
    5.94095      0.019733
    5.94587      0.015305
    5.95080      0.018131
    5.95572      0.016651
    5.96065      0.016413
    5.96558      0.014909
    5.97050      0.017896
    5.97543      0.018664
    5.98036      0.014958
    5.98528      0.013564
    5.99021      0.018846
    5.99513      0.019026
    6.00006      0.017609
    6.00499      0.019614
    6.00991      0.016791
    6.01484      0.018380
    6.01976      0.018298
    6.02469      0.016891
    6.02962      0.015813
    6.03454      0.015583
    6.03947      0.016615
    6.04440      0.015296
    6.04932      0.014071
    6.05425      0.015344
    6.05917      0.017083
    6.06410      0.014233
    6.06903      0.018281
    6.07395      0.017130
    6.07888      0.016186
    6.08380      0.020053
    6.08873      0.019116
    6.09366      0.021212
    6.09858      0.012302
    6.10351      0.018842
    6.10844      0.016738
    6.11336      0.018989
    6.11829      0.017447
    6.12321      0.014622
    6.12814      0.015787
    6.13307      0.018260
    6.13799      0.021523
    6.14292      0.016380
    6.14784      0.017023
    6.15277      0.021492
    6.15770      0.016395
    6.16262      0.021477
    6.16755      0.016050
    6.17248      0.018288
    6.17740      0.015493
    6.18233      0.015643
    6.18725      0.022123
    6.19218      0.017555
    6.19711      0.016883
    6.20203      0.022067
    6.20696      0.015046
    6.21188      0.018813
    6.21681      0.014761
    6.22174      0.012366
    6.22666      0.014195
    6.23159      0.014646
    6.23652      0.018581
    6.24144      0.015983
    6.24637      0.014454
    6.25129      0.023985
    6.25622      0.015973
    6.26115      0.015926
    6.26607      0.019612
    6.27100      0.020385
    6.27592      0.014502
    6.28085      0.017311
    6.28578      0.014555
    6.29070      0.019803
    6.29563      0.018881
    6.30056      0.019323
    6.30548      0.015034
    6.31041      0.022080
    6.31533      0.020240
    6.32026      0.021277
    6.32519      0.020001
    6.33011      0.023356
    6.33504      0.018501
    6.33996      0.017306
    6.34489      0.016087
    6.34982      0.017474
    6.35474      0.015624
    6.35967      0.022157
    6.36460      0.019210
    6.36952      0.017722
    6.37445      0.015884
    6.37937      0.016318
    6.38430      0.014354
    6.38923      0.019378
    6.39415      0.018019
    6.39908      0.019287
    6.40400      0.016473
    6.40893      0.022223
    6.41386      0.019356
    6.41878      0.019043
    6.42371      0.015899
    6.42864      0.019176
    6.43356      0.022654
    6.43849      0.019568
    6.44341      0.016238
    6.44834      0.020774
    6.45327      0.012946
    6.45819      0.018190
    6.46312      0.012345
    6.46804      0.018493
    6.47297      0.021168
    6.47790      0.013728
    6.48282      0.016649
    6.48775      0.013474
    6.49268      0.020666
    6.49760      0.016816
    6.50253      0.021839
    6.50745      0.014164
    6.51238      0.017503
    6.51731      0.019644
    6.52223      0.020528
    6.52716      0.015293
    6.53208      0.018190
    6.53701      0.020031
    6.54194      0.016510
    6.54686      0.014039
    6.55179      0.017690
    6.55672      0.018630
    6.56164      0.019452
    6.56657      0.022370
    6.57149      0.017740
    6.57642      0.017628
    6.58135      0.017470
    6.58627      0.011123
    6.59120      0.018905
    6.59612      0.016045
    6.60105      0.016631
    6.60598      0.018364
    6.61090      0.019027
    6.61583      0.021307
    6.62076      0.018993
    6.62568      0.017583
    6.63061      0.018974
    6.63553      0.021820
    6.64046      0.017526
    6.64539      0.024086
    6.65031      0.022891
    6.65524      0.013843
    6.66016      0.019087
    6.66509      0.018355
    6.67002      0.015854
    6.67494      0.016286
    6.67987      0.016285
    6.68480      0.021805
    6.68972      0.020289
    6.69465      0.019546
    6.69957      0.020381
    6.70450      0.017809
    6.70943      0.021162
    6.71435      0.021024
    6.71928      0.018869
    6.72420      0.017243
    6.72913      0.017066
    6.73406      0.015900
    6.73898      0.020961
    6.74391      0.019399
    6.74884      0.019860
    6.75376      0.019211
    6.75869      0.017384
    6.76361      0.021461
    6.76854      0.014798
    6.77347      0.016873
    6.77839      0.018677
    6.78332      0.016906
    6.78824      0.023924
    6.79317      0.017148
    6.79810      0.020052
    6.80302      0.012285
    6.80795      0.019518
    6.81288      0.019546
    6.81780      0.017435
    6.82273      0.015090
    6.82765      0.020182
    6.83258      0.019714
    6.83751      0.018932
    6.84243      0.021493
    6.84736      0.019131
    6.85229      0.021250
    6.85721      0.012123
    6.86214      0.022091
    6.86706      0.021417
    6.87199      0.025285
    6.87692      0.019177
    6.88184      0.021835
    6.88677      0.021597
    6.89169      0.020049
    6.89662      0.018603
    6.90155      0.025336
    6.90647      0.020369
    6.91140      0.023349
    6.91633      0.022192
    6.92125      0.015508
    6.92618      0.018913
    6.93110      0.019222
    6.93603      0.020640
    6.94096      0.022415
    6.94588      0.023471
    6.95081      0.017223
    6.95573      0.018082
    6.96066      0.016755
    6.96559      0.015366
    6.97051      0.019394
    6.97544      0.014822
    6.98037      0.018305
    6.98529      0.017403
    6.99022      0.019907
    6.99514      0.022732
    7.00007      0.019772
    7.00500      0.022407
    7.00992      0.020716
    7.01485      0.021230
    7.01977      0.016232
    7.02470      0.019905
    7.02963      0.017915
    7.03455      0.019547
    7.03948      0.019000
    7.04441      0.019555
    7.04933      0.023508
    7.05426      0.012863
    7.05918      0.021066
    7.06411      0.020647
    7.06904      0.023370
    7.07396      0.020286
    7.07889      0.021125
    7.08381      0.017605
    7.08874      0.019706
    7.09367      0.025112
    7.09859      0.028231
    7.10352      0.020491
    7.10845      0.017914
    7.11337      0.024162
    7.11830      0.023061
    7.12322      0.013896
    7.12815      0.018690
    7.13308      0.024325
    7.13800      0.020652
    7.14293      0.020952
    7.14785      0.019908
    7.15278      0.022359
    7.15771      0.016948
    7.16263      0.021820
    7.16756      0.022605
    7.17249      0.022877
    7.17741      0.023172
    7.18234      0.018962
    7.18726      0.018596
    7.19219      0.018124
    7.19712      0.015594
    7.20204      0.016772
    7.20697      0.025609
    7.21189      0.023544
    7.21682      0.014480
    7.22175      0.021589
    7.22667      0.018030
    7.23160      0.020528
    7.23653      0.021571
    7.24145      0.015414
    7.24638      0.021758
    7.25130      0.019911
    7.25623      0.020265
    7.26116      0.020236
    7.26608      0.020402
    7.27101      0.020284
    7.27593      0.022386
    7.28086      0.022942
    7.28579      0.018551
    7.29071      0.018815
    7.29564      0.018209
    7.30057      0.018160
    7.30549      0.021210
    7.31042      0.020447
    7.31534      0.020904
    7.32027      0.020062
    7.32520      0.018565
    7.33012      0.020903
    7.33505      0.023860
    7.33997      0.023955
    7.34490      0.020916
    7.34983      0.022452
    7.35475      0.021580
    7.35968      0.023685
    7.36461      0.022115
    7.36953      0.014147
    7.37446      0.021912
    7.37938      0.024209
    7.38431      0.016688
    7.38924      0.020371
    7.39416      0.021750
    7.39909      0.014827
    7.40401      0.016126
    7.40894      0.019299
    7.41387      0.025083
    7.41879      0.017932
    7.42372      0.025791
    7.42865      0.019200
    7.43357      0.019620
    7.43850      0.020547
    7.44342      0.021428
    7.44835      0.021108
    7.45328      0.016609
    7.45820      0.020229
    7.46313      0.022465
    7.46805      0.022920
    7.47298      0.019550
    7.47791      0.021965
    7.48283      0.020501
    7.48776      0.018659
    7.49269      0.018115
    7.49761      0.020078
    7.50254      0.028152
    7.50746      0.017057
    7.51239      0.017245
    7.51732      0.022717
    7.52224      0.024859
    7.52717      0.020349
    7.53209      0.017905
    7.53702      0.018715
    7.54195      0.020222
    7.54687      0.021922
    7.55180      0.026059
    7.55673      0.017430
    7.56165      0.019961
    7.56658      0.019336
    7.57150      0.018045
    7.57643      0.021890
    7.58136      0.017628
    7.58628      0.017515
    7.59121      0.016495
    7.59613      0.023950
    7.60106      0.018809
    7.60599      0.021300
    7.61091      0.020204
    7.61584      0.018687
    7.62077      0.027558
    7.62569      0.018873
    7.63062      0.023226
    7.63554      0.018073
    7.64047      0.018452
    7.64540      0.017055
    7.65032      0.024560
    7.65525      0.017678
    7.66017      0.019909
    7.66510      0.019669
    7.67003      0.023835
    7.67495      0.025342
    7.67988      0.013226
    7.68481      0.022013
    7.68973      0.020051
    7.69466      0.023280
    7.69958      0.020807
    7.70451      0.012174
    7.70944      0.027926
    7.71436      0.017882
    7.71929      0.016997
    7.72421      0.020435
    7.72914      0.017330
    7.73407      0.022342
    7.73899      0.021179
    7.74392      0.026933
    7.74885      0.018542
    7.75377      0.026630
    7.75870      0.020949
    7.76362      0.021632
    7.76855      0.016177
    7.77348      0.019345
    7.77840      0.020816
    7.78333      0.037475
    7.78825      0.022173
    7.79318      0.021166
    7.79811      0.028313
    7.80303      0.015782
    7.80796      0.016987
    7.81289      0.026276
    7.81781      0.026645
    7.82274      0.021530
    7.82766      0.025341
    7.83259      0.019078
    7.83752      0.032826
    7.84244      0.018189
    7.84737      0.020350
    7.85229      0.021008
    7.85722      0.025644
    7.86215      0.009304
    7.86707      0.015479
    7.87200      0.017674
    7.87693      0.021179
